3793 3551998 3555631
9699 23453075 23458198
6088 9221931 9222322
4965 6103185 6103988
9013 20271647 20272485
2520 1599554 1597686
9968 24748311 24753527
6972 11994360 11991622
1332 452518 452425
3487 3024144 3023111
4579 5199538 5203188
8786 19219364 19227611
6237 9730150 9732068
8753 19222880 19227415
2262 1281095 1280702
4873 5881778 5885195
1023 253161 252308
9839 24252410 24259123
3270 2666248 2664051
3409 2880936 2878802
1672 700161 698811
4589 5248299 5246634
5718 8111425 8113101
5148 6591779 6587269
6666 11007824 11014214
1991 997419 996365
5184 6670636 6669212
4404 4833080 4834554
3268 2655763 2655853
4079 4123493 4125785
5677 8006998 8010273
6406 10182977 10183944
1752 770961 769472
5993 8930678 8930964
40 388 369
5821 8342014 8347512
8311 17027894 17031804
879 187073 186868
4503 4922799 4921583
4509 4937693 4941554
7916 15433145 15434676
9768 23757417 23759613
9054 20279933 20287817
2668 1754105 1752339
4273 4564040 4560836
7843 15201028 15208052
2576 1629202 1626993
6454 10437250 10439073
5217 6830240 6826005
7547 14168459 14170309
9309 21729091 21731357
6899 11972293 11967924
8365 17536902 17543563
5910 8840974 8838566
1045 276988 276302
9474 22409524 22418402
3646 3375229 3372274
8132 16615645 16612895
7734 15042771 15043604
991 241511 240820
